2.160763978958129883e+00
2.160811424255371094e+00
2.161028146743774414e+00
2.163535833358764648e+00
1.866241216659545898e+00
1.866365075111389160e+00
1.867027640342712402e+00
1.874330878257751465e+00
1.667113423347473145e+00
1.667338132858276367e+00
1.668390631675720215e+00
1.679732322692871094e+00
1.627563476562500000e+00
1.627829670906066895e+00
1.628636479377746582e+00
1.638445019721984863e+00
1.633505105972290039e+00
1.633819699287414551e+00
1.634285330772399902e+00
1.640911817550659180e+00
1.638375401496887207e+00
1.638775706291198730e+00
1.639047861099243164e+00
1.645225882530212402e+00
