6.705327630043029785e-01
6.704846024513244629e-01
6.701679825782775879e-01
6.665361523628234863e-01
1.156826615333557129e+00
1.156660556793212891e+00
1.155381321907043457e+00
1.141554236412048340e+00
1.646265149116516113e+00
1.645826816558837891e+00
1.642304301261901855e+00
1.606354475021362305e+00
1.861693382263183594e+00
1.860990762710571289e+00
1.855376124382019043e+00
1.800076723098754883e+00
1.906117200851440430e+00
1.905262947082519531e+00
1.898658871650695801e+00
1.835556387901306152e+00
1.914706826210021973e+00
1.913742423057556152e+00
1.906634926795959473e+00
1.841150522232055664e+00
